|16|  |  |07|  |  |  |  |  |12|15|02|11|  |  |  |
|  |  |  |12|11|03|  |07|  |  |14|08|09|  |  |  |
|  |  |13|08|  |  |14|  |11|09|  |  |07|  |  |06|
|  |  |06|  |10|  |16|08|  |  |  |  |  |02|12|  |
|04|01|02|  |  |14|  |  |  |  |  |  |  |05|  |07|
|  |  |  |  |16|  |08|10|01|  |03|  |  |  |  |04|
|  |  |  |  |  |09|04|  |02|05|  |14|  |08|16|  |
|03|12|  |16|  |  |  |  |  |04|  |06|  |  |01|14|
|  |  |12|  |15|10|  |01|07|  |06|  |  |13|  |  |
|10|  |01|15|04|  |11|  |  |  |  |05|08|  |  |  |
|06|  |  |  |05|13|  |03|  |  |09|  |  |  |14|02|
|  |16|03|  |  |  |  |  |  |10|  |12|04|11|09|  |
|14|11|  |  |  |  |01|04|05|  |  |  |13|16|  |  |
|  |15|  |  |  |11|  |  |08|13|  |03|05|06|  |  |
|05|06|  |10|  |  |03|16|  |  |01|  |  |  |15|  |
|  |13|  |  |  |07|  |  |12|15|04|  |  |  |02|09|
